ms = 35;
mc = 441;
mt = 25;
Kc = 10039;
Kt = 150000;
Cc = 900;
Ct = 850;