ms = 237;
mu = 20;
ku = 150000;
cu = 850;