m1 = 417;
m2 = 15;
m3 = 55;
m4 = 36;
mse = 35;
mb = 250;
mw = 25;

C1 = 310;
C2 = 200;
C3 = 9091;
C4 = 330;
C5 = 2475;
Cse = 150;
Ct = 850;

K1 = 166990;
K2 = 10000;
K3 = 144000;
K4 = 20000;
K5 = 49340;
Kse = 15000;
Kt = 150000;