mc = 75;
ms = 730;
m1 = 40;
m2 = 35.5;
l1 = 1.011;
l2 = 1.803;
r = 0.25;
Is = 130;
kp1 = 175500;
kp2 = 175500;
kss = 68794;
css = 3344;