Ks = 106826;
Cs = 74518;