ks1 = 18222;
cs1 = 991;
ks2 = 19516;
cs2 = 996;