Ks = 10039;
Cs = 900;