ks = 10039;
cs = 900;